5 0.171875 0.3265625 0.1859375 0.1921875
5 0.14375 0.690625 0.2078125 0.178125
0 0.303125 0.6171875 0.359375 0.3265625
9 0.4640625 0.5984375 0.265625 0.234375
3 0.603125 0.7125 0.1015625 0.1015625
3 0.6734375 0.6890625 0.0890625 0.1015625
3 0.675 0.578125 0.0875 0.096875
1 0.7859375 0.625 0.1578125 0.2015625
10 0.7765625 0.440625 0.20625 0.1875
8 0.384375 0.359375 0.2515625 0.2453125
2 0.5875 0.4703125 0.2109375 0.2015625
4 0.63125 0.346875 0.203125 0.2234375
6 0.8015625 0.296875 0.1234375 0.1265625