5 0.828125 0.3265625 0.1859375 0.1921875
5 0.85625 0.690625 0.2078125 0.178125
0 0.696875 0.6171875 0.359375 0.3265625
9 0.5359375 0.5984375 0.265625 0.234375
3 0.396875 0.7125 0.1015625 0.1015625
3 0.3265625 0.6890625 0.0890625 0.1015625
3 0.325 0.578125 0.0875 0.096875
1 0.2140625 0.625 0.1578125 0.2015625
10 0.2234375 0.440625 0.20625 0.1875
8 0.615625 0.359375 0.2515625 0.2453125
2 0.4125 0.4703125 0.2109375 0.2015625
4 0.36875 0.346875 0.203125 0.2234375
6 0.1984375 0.296875 0.1234375 0.1265625